---------------------------------
Centroid: 07 16 19 22 25 30, Elements: 38
09 12 20 24 27 28
03 19 20 25 30 33
11 15 22 24 25 29
02 14 19 20 21 27
02 20 22 26 27 32
06 14 16 17 30 32
14 15 16 19 23 29
07 15 21 22 28 34
06 18 19 23 32 33
05 13 17 23 24 25
10 12 18 20 22 35
03 15 22 23 24 34
09 10 21 22 24 28
08 13 20 21 24 26
16 19 20 23 24 28
08 12 20 22 27 28
11 19 20 21 23 30
13 14 19 24 25 29
03 17 21 23 25 29
05 16 21 24 26 29
09 16 17 21 23 25
02 16 20 21 26 29
02 15 16 24 28 30
09 16 19 23 27 31
10 19 20 21 22 32
09 15 18 19 22 34
01 15 20 25 26 32
07 17 21 23 25 29
10 15 18 21 28 35
09 14 20 25 27 33
02 15 17 20 22 32
04 16 18 22 23 35
06 18 19 23 25 26
06 16 22 27 29 31
02 20 22 23 25 33
13 18 19 21 22 31
10 17 24 25 27 29
03 15 16 21 27 33
---------------------------------
Centroid: 03 09 17 28 33 39, Elements: 69
02 04 14 32 35 38
01 08 18 26 27 42
06 14 17 30 35 38
01 07 18 30 32 34
07 09 15 26 37 41
01 15 18 29 33 42
03 09 18 26 33 44
03 12 16 26 30 41
02 10 21 23 33 39
10 11 15 29 35 36
01 11 19 27 38 41
01 13 15 26 30 38
03 13 14 28 34 40
05 12 17 27 36 40
04 15 17 27 35 37
01 04 15 26 31 37
04 10 15 28 34 39
05 07 16 30 33 40
02 03 17 30 32 43
02 07 15 26 33 36
03 09 15 29 34 37
04 09 13 28 32 43
02 09 19 27 33 45
03 10 20 33 35 36
03 05 13 29 30 35
08 10 11 30 32 35
02 10 20 25 31 41
01 04 18 27 35 37
02 08 15 27 35 44
02 08 17 26 35 40
02 12 15 31 32 37
02 11 16 28 36 39
02 10 17 29 33 42
02 09 18 31 36 37
04 05 20 28 31 41
03 04 13 30 31 36
01 10 19 33 36 40
08 10 18 29 31 39
01 04 19 22 34 37
01 04 15 27 35 36
01 12 19 31 34 36
04 10 18 26 33 40
06 11 12 27 33 38
03 09 16 29 34 39
05 10 21 26 34 40
01 07 20 26 33 40
02 04 16 28 33 34
01 02 18 29 31 40
06 10 16 30 34 40
06 08 17 32 34 42
06 08 20 31 32 37
03 09 14 27 31 44
03 07 22 26 29 42
06 09 19 34 35 38
08 11 14 28 31 43
06 07 13 24 33 40
02 11 19 30 33 38
01 06 17 32 33 34
05 07 23 29 30 40
09 10 12 27 33 36
04 14 17 29 31 37
06 08 21 28 34 41
05 07 14 27 31 39
03 10 16 28 30 39
01 02 18 23 34 38
04 12 18 28 33 40
03 15 18 29 33 42
01 09 20 26 35 36
05 06 17 27 32 44
---------------------------------
Centroid: 04 09 13 16 19 22, Elements: 27
07 10 12 15 16 22
02 05 13 14 20 21
06 07 12 13 16 25
06 14 16 18 20 26
05 09 12 13 22 26
01 06 14 17 19 22
04 08 18 19 20 26
04 05 13 16 18 20
03 09 14 16 19 20
03 08 15 16 19 20
05 08 13 18 19 24
05 07 12 17 19 21
01 11 14 16 17 18
03 09 14 20 21 23
08 11 13 15 23 26
05 07 10 15 16 22
07 11 14 16 17 21
03 07 11 14 17 23
01 07 11 15 17 24
03 07 11 16 19 21
03 10 11 15 17 24
05 07 18 19 20 21
04 14 15 17 21 25
02 12 13 18 21 23
11 12 13 15 17 18
01 09 10 14 15 18
04 10 13 14 23 24
---------------------------------
Centroid: 06 12 15 19 23 42, Elements: 40
02 12 14 18 23 42
07 09 11 19 24 42
10 13 15 17 22 37
03 11 12 18 21 44
06 09 11 15 23 45
07 09 16 17 26 44
05 11 16 18 20 39
08 10 16 19 23 41
05 13 17 22 23 43
01 12 19 21 24 39
01 10 16 18 25 45
09 10 15 19 25 40
07 10 15 18 19 42
10 15 16 19 21 45
07 12 13 20 22 40
09 15 18 19 22 43
08 16 18 19 24 44
02 10 12 19 22 39
07 10 11 23 24 37
06 08 15 18 22 40
01 13 15 20 22 40
03 10 17 19 25 44
02 11 16 18 20 42
04 06 17 18 22 38
09 11 16 17 24 37
08 10 12 18 26 45
06 12 15 23 25 45
05 12 18 19 20 45
02 13 16 20 22 43
05 09 14 17 21 41
03 11 19 20 21 36
11 14 15 17 22 45
06 14 15 16 26 41
02 13 15 19 22 45
02 15 16 20 23 43
11 16 17 18 19 37
07 15 16 18 25 45
09 10 13 14 19 45
05 11 14 20 22 43
04 10 13 15 19 41
---------------------------------
Centroid: 05 22 26 30 35 41, Elements: 62
02 20 24 28 31 38
09 21 24 30 35 36
08 23 26 27 31 43
06 25 26 27 34 35
02 21 27 33 37 43
03 17 28 29 34 43
03 22 23 31 36 37
07 24 28 32 36 44
05 29 31 32 35 39
04 20 22 24 32 44
10 22 28 29 30 38
09 24 27 28 32 39
07 24 29 30 31 45
07 22 27 34 35 42
02 20 24 27 38 40
03 20 23 28 31 45
04 19 25 28 39 41
06 21 25 26 31 39
05 19 21 26 36 39
07 22 24 34 35 39
08 21 27 29 32 38
06 18 22 27 37 40
05 23 24 27 30 43
02 24 25 32 34 42
04 20 25 26 28 40
01 20 24 27 32 40
07 23 24 31 41 42
07 23 26 28 39 45
06 18 25 29 31 42
03 23 28 33 38 43
06 20 22 30 32 40
05 21 23 29 36 44
06 17 30 31 35 38
05 21 23 31 34 43
04 22 25 32 36 41
02 23 25 31 34 43
10 24 29 30 37 39
01 22 27 29 38 39
03 23 28 33 35 40
01 20 24 28 30 43
05 23 25 31 33 41
02 20 23 32 34 38
02 18 26 27 36 44
03 18 26 27 35 44
08 24 25 34 36 37
08 19 28 32 35 44
04 23 24 30 32 37
03 21 28 30 32 38
02 25 28 31 38 44
06 24 25 35 36 43
01 26 27 28 37 39
01 21 29 30 36 42
07 27 28 30 39 40
09 22 25 31 39 42
04 25 30 31 33 37
04 22 28 32 35 43
03 21 30 33 38 42
02 22 25 26 32 37
02 25 28 30 42 44
02 24 27 32 39 44
05 20 26 28 30 41
07 27 29 30 33 38
---------------------------------
Centroid: 04 08 15 22 26 31, Elements: 45
03 10 12 21 23 28
02 03 17 22 23 27
02 08 13 24 29 30
07 10 12 24 25 27
07 09 11 25 26 29
04 09 14 26 27 33
05 10 11 24 28 35
06 08 16 22 23 28
03 07 17 18 28 29
03 10 11 21 28 32
08 10 12 24 28 31
03 04 17 20 23 30
04 08 14 23 25 31
03 08 13 24 27 35
06 09 20 22 23 26
04 06 18 21 27 33
07 10 16 18 23 30
02 05 17 23 24 25
05 12 16 22 28 30
01 08 14 23 30 32
06 09 10 21 28 31
02 08 19 23 24 29
07 09 14 19 30 32
04 14 15 19 29 34
04 07 16 22 30 33
05 07 11 26 31 32
05 06 18 21 23 26
03 04 14 24 25 30
03 04 19 21 26 29
06 08 16 21 22 26
09 10 13 20 31 33
04 07 12 18 26 30
02 08 19 22 24 29
03 06 13 24 29 31
01 12 14 22 24 36
02 07 15 22 24 28
04 09 10 23 27 32
03 11 14 17 29 34
02 12 16 18 30 34
01 10 18 21 22 31
03 11 17 22 25 30
01 09 12 21 25 33
01 06 15 22 27 33
07 11 12 23 26 31
07 12 14 15 27 32
---------------------------------
Centroid: 26 30 34 37 40 43, Elements: 9
27 28 33 39 42 43
26 33 35 36 40 42
28 29 37 38 39 42
28 30 33 34 35 44
25 30 33 35 40 41
24 29 31 39 41 43
24 27 36 37 41 43
27 30 36 38 39 45
27 33 34 40 41 43
---------------------------------
Centroid: 04 10 15 20 30 41, Elements: 53
07 11 17 21 29 42
02 10 13 17 32 38
02 13 16 23 29 44
08 09 16 18 29 43
01 11 12 25 27 44
06 10 12 22 30 41
02 12 14 18 31 45
02 15 17 18 29 38
02 10 12 18 29 42
02 08 15 22 29 42
04 13 16 21 30 43
04 11 17 21 33 44
07 10 14 23 27 41
08 10 11 23 29 42
04 10 14 24 26 38
02 15 17 20 30 40
04 06 15 20 32 43
03 09 15 19 31 43
04 07 14 19 28 39
01 11 17 21 25 44
02 08 15 16 30 45
01 12 13 17 28 36
02 11 14 26 29 42
04 10 14 21 33 43
01 08 15 22 25 39
03 08 16 18 31 44
02 12 14 18 27 41
01 11 15 20 30 40
01 14 16 23 27 44
04 13 14 22 33 38
02 13 16 21 29 43
06 12 13 25 31 44
05 13 15 24 27 41
04 10 12 23 30 36
09 10 11 21 27 42
01 13 14 18 33 43
04 06 13 18 31 42
03 10 13 15 31 42
01 09 16 18 29 37
04 09 16 24 32 45
12 13 14 18 30 39
05 07 16 20 29 42
01 09 14 22 33 42
02 05 15 21 31 41
04 08 14 18 28 41
05 10 16 18 29 36
01 14 17 20 30 43
06 08 12 22 28 41
02 15 17 19 31 43
07 11 16 21 30 43
04 08 16 18 31 41
07 14 15 17 32 40
08 09 16 22 29 44
---------------------------------
Centroid: 02 05 10 18 29 35, Elements: 38
03 04 14 16 27 32
01 06 08 18 24 34
01 02 11 15 32 34
01 02 05 20 27 33
02 05 13 16 31 34
01 04 07 19 29 36
05 06 08 24 30 34
02 08 10 17 27 37
02 04 11 22 29 33
05 06 08 16 32 33
02 03 13 21 33 38
02 05 11 19 30 36
04 05 06 16 24 35
06 09 11 14 32 36
03 04 11 14 30 32
03 04 09 13 30 33
02 05 09 20 24 33
02 05 08 17 27 37
01 03 11 14 28 34
02 05 10 18 31 38
01 05 11 18 24 35
02 03 15 20 32 37
01 03 15 18 27 37
03 05 12 19 31 34
02 04 08 23 27 32
04 08 10 25 30 35
04 07 11 18 27 31
02 05 13 24 28 35
01 04 09 14 29 35
01 03 04 18 28 34
01 06 11 17 31 33
01 06 08 21 31 37
02 05 07 15 29 32
01 02 13 21 29 34
01 06 07 20 33 37
01 07 08 19 29 34
01 02 12 15 25 36
02 03 11 14 24 35
---------------------------------
Centroid: 20 26 29 32 36 40, Elements: 28
26 28 30 31 32 42
26 28 30 32 33 39
16 23 29 33 35 43
17 21 31 33 36 40
22 23 24 28 42 43
19 28 30 33 34 36
24 27 28 32 41 43
18 28 30 32 34 37
16 27 29 35 36 40
17 27 28 32 33 37
14 28 30 31 37 39
23 26 30 31 37 38
20 26 27 33 36 41
19 29 30 31 39 41
18 27 31 34 37 43
15 25 30 31 33 40
22 26 30 35 38 42
24 30 31 33 34 39
20 24 26 27 40 41
18 23 24 34 37 42
21 22 27 31 41 42
22 26 30 33 39 40
19 29 30 34 38 40
23 24 29 34 39 45
23 25 27 29 30 38
13 24 27 33 35 42
17 25 29 30 31 34
21 23 27 33 40 45
---------------------------------
Centroid: 09 24 30 36 40 44, Elements: 42
10 22 27 40 41 43
08 25 31 35 39 44
09 21 33 36 38 45
10 25 30 36 40 45
05 24 28 36 40 44
05 22 30 39 40 41
05 23 27 37 43 44
08 21 31 36 40 42
08 25 28 31 42 44
09 24 26 32 39 45
09 22 30 33 38 41
07 23 28 38 43 45
10 22 33 39 43 45
12 25 28 33 35 43
12 28 29 31 42 44
09 29 30 37 38 39
11 27 32 39 42 45
10 29 31 36 38 39
11 26 29 36 38 45
11 28 30 36 40 41
10 24 33 39 41 44
13 22 32 33 39 45
09 24 29 36 37 45
09 22 26 35 40 43
11 27 31 36 44 45
13 27 31 32 42 43
03 24 27 34 43 45
12 22 33 39 42 45
10 24 29 40 42 44
09 28 33 34 38 45
10 22 32 38 43 45
11 20 31 34 39 42
08 22 34 37 39 43
03 23 30 33 41 43
11 20 29 34 41 44
07 21 31 35 40 43
08 26 29 38 39 45
09 23 31 34 42 44
06 22 29 38 39 43
11 26 35 40 43 45
10 27 28 38 39 42
08 24 33 36 38 44
---------------------------------
Centroid: 03 06 10 13 17 42, Elements: 20
01 06 13 15 22 44
01 02 09 14 16 43
01 06 14 16 18 41
07 09 12 14 19 44
03 04 09 10 12 42
05 06 09 11 16 43
03 04 06 12 21 43
01 07 12 17 18 41
05 06 12 14 18 40
01 06 14 15 18 44
02 08 10 11 13 44
05 07 08 12 22 45
02 03 04 15 19 42
02 04 11 13 16 41
03 06 10 11 18 44
02 04 10 12 14 42
01 04 09 10 17 41
02 05 11 12 17 42
02 08 10 15 20 40
03 07 09 11 14 43
---------------------------------
Centroid: 04 27 34 38 41 43, Elements: 18
05 27 31 36 37 43
08 22 37 41 42 43
03 28 32 38 41 42
02 26 29 40 43 45
03 30 37 38 39 43
03 30 36 38 39 44
05 25 37 40 42 43
06 31 32 36 42 45
03 26 35 40 43 45
08 29 36 38 44 45
02 29 33 35 40 42
05 26 31 37 38 40
01 27 36 38 41 43
01 23 35 36 40 45
02 25 30 33 43 45
05 25 34 39 41 44
06 30 37 38 42 44
07 29 32 39 40 41
---------------------------------
Centroid: 17 25 32 37 41 43, Elements: 30
17 24 30 38 43 44
18 21 33 36 37 42
17 22 30 36 40 44
18 19 30 39 42 43
14 27 31 34 39 45
21 28 31 39 41 45
13 22 34 38 40 41
23 25 30 38 44 45
15 27 30 34 39 42
16 32 33 36 40 41
16 25 29 35 37 45
15 32 33 35 38 39
18 20 31 40 41 45
19 22 27 40 43 44
19 21 32 33 42 44
14 29 31 33 44 45
21 25 34 37 44 45
16 28 33 35 41 42
16 24 38 40 42 44
17 22 33 36 37 38
17 31 32 36 41 45
15 22 29 42 44 45
18 23 33 34 43 44
20 23 33 37 40 42
21 28 33 37 43 44
18 23 31 35 38 45
16 26 27 38 41 45
15 28 30 37 38 40
18 20 35 36 37 44
20 22 31 38 44 45
---------------------------------
Centroid: 02 04 08 11 14 34, Elements: 11
01 04 12 13 14 31
01 03 07 08 09 38
03 04 10 11 17 30
04 05 08 13 15 36
02 03 12 13 16 31
01 03 05 08 13 36
01 06 09 12 13 33
01 05 07 10 16 32
01 04 05 12 13 39
01 02 08 09 17 35
01 07 09 13 14 36
---------------------------------
Centroid: 31 34 35 36 41 44, Elements: 1
31 34 35 36 41 44
---------------------------------
Centroid: 30 37 38 42 43 45, Elements: 1
30 37 38 42 43 45
---------------------------------
Centroid: 30 37 38 42 43 45, Elements: 0
---------------------------------
Centroid: 30 37 38 42 43 45, Elements: 0
---------------------------------
Centroid: 02 34 37 42 44 45, Elements: 1
02 34 37 42 44 45
---------------------------------
Centroid: 02 34 37 42 44 45, Elements: 0
---------------------------------
Centroid: 02 34 37 42 44 45, Elements: 0
---------------------------------
Centroid: 01 02 09 11 12 15, Elements: 1
01 02 09 11 12 15
---------------------------------
Centroid: 02 03 04 05 13 43, Elements: 1
02 03 04 05 13 43
---------------------------------
Centroid: 01 02 09 11 12 15, Elements: 0
---------------------------------
Centroid: 07 15 24 30 32 37, Elements: 56
08 16 24 30 34 43
11 13 27 30 32 39
05 16 21 29 31 39
05 15 18 34 35 36
04 15 26 28 36 37
04 14 25 32 34 36
04 15 25 29 30 44
08 16 20 29 32 42
10 12 26 30 31 38
12 13 23 30 31 32
10 16 20 26 35 37
09 12 28 31 33 35
05 18 19 30 31 42
08 16 29 30 35 41
09 19 28 30 33 35
09 17 27 30 32 42
05 09 28 30 31 33
06 12 26 30 35 37
06 18 23 28 29 36
04 11 23 31 32 36
04 17 28 29 30 40
06 13 25 27 37 39
06 13 26 27 28 33
08 16 17 28 33 35
02 15 24 28 30 37
09 11 28 29 30 34
08 15 23 29 30 37
05 11 25 29 30 37
05 15 27 32 33 34
09 12 20 30 34 35
08 16 25 26 27 39
02 14 21 28 33 37
11 12 25 31 36 37
09 21 22 32 33 35
09 13 22 31 32 41
11 15 22 28 30 35
04 14 27 30 32 34
11 17 19 30 34 37
01 18 23 27 30 34
06 16 23 34 36 37
07 18 23 30 31 37
10 19 26 34 36 37
11 14 24 31 35 39
09 15 17 29 30 35
08 16 27 28 33 35
05 19 22 26 32 36
08 15 22 28 32 39
07 18 21 30 31 39
11 15 26 32 35 36
09 15 19 28 31 32
09 10 24 26 33 40
05 13 20 30 33 39
08 20 25 31 32 37
11 12 25 26 29 37
09 14 18 30 32 37
04 16 29 32 33 38
---------------------------------
Centroid: 03 16 24 32 39 43, Elements: 44
02 12 28 29 39 43
02 14 24 34 35 45
05 16 25 33 35 40
06 22 24 33 40 44
06 17 26 35 43 45
07 13 25 31 40 45
03 13 27 33 42 43
02 20 26 32 39 45
05 18 25 30 38 44
02 20 26 37 40 45
03 13 29 33 43 44
03 19 24 29 41 45
03 16 18 30 36 43
01 14 28 35 38 45
04 14 24 30 41 43
04 14 25 30 39 43
01 16 25 29 35 44
02 17 24 36 41 42
01 13 21 30 39 45
06 14 23 29 40 45
02 18 22 33 35 45
03 15 27 36 38 43
03 16 19 33 35 44
03 15 27 36 39 42
01 16 24 35 43 44
02 16 21 29 36 42
04 15 23 34 43 44
03 14 26 33 39 42
01 14 26 29 39 41
01 15 24 36 39 41
04 23 24 33 41 45
01 20 26 32 40 44
02 14 22 32 33 43
07 19 24 35 39 45
02 12 21 33 34 42
01 16 18 36 39 40
07 21 22 31 43 45
01 16 24 34 39 40
07 13 25 32 36 45
03 16 26 35 37 40
03 15 24 31 36 39
02 16 26 27 39 44
05 17 21 29 40 43
04 18 21 32 36 39
---------------------------------
Centroid: 02 06 10 19 26 43, Elements: 32
01 03 12 19 27 42
04 06 09 21 29 44
01 06 13 18 25 41
02 07 09 17 28 41
01 02 05 22 31 43
03 05 10 15 27 43
04 06 12 19 26 44
03 06 09 16 28 40
01 09 10 20 26 43
02 04 12 18 27 41
01 09 11 19 25 45
01 09 14 15 25 43
05 09 10 18 29 45
02 03 05 18 26 45
02 07 10 23 25 42
02 06 11 20 26 42
03 09 10 17 26 44
01 05 07 25 29 45
02 06 15 19 27 44
01 05 16 19 25 42
04 05 16 23 24 45
05 07 10 19 26 40
03 07 14 17 25 39
03 04 08 18 26 42
04 05 08 19 24 41
02 03 13 21 29 41
01 03 12 17 24 45
01 06 08 18 22 40
03 08 12 14 24 42
03 04 05 18 25 44
05 06 10 20 27 43
01 08 09 16 24 39
---------------------------------
Centroid: 02 05 23 28 36 42, Elements: 38
01 07 21 23 40 41
01 06 23 30 33 38
03 08 25 29 39 40
01 02 23 28 32 40
01 04 27 30 36 42
01 06 25 28 30 45
02 04 23 31 36 39
01 03 24 26 39 42
05 08 23 27 40 43
06 07 21 31 34 45
02 03 24 32 42 44
01 03 22 27 39 42
01 03 24 28 32 43
01 08 23 24 35 44
03 05 22 33 35 41
01 03 18 27 32 43
02 06 24 28 42 44
02 03 22 24 35 39
01 02 29 30 40 44
01 03 20 32 37 45
04 06 23 32 34 42
03 05 23 25 33 43
01 08 21 33 39 44
02 06 23 25 39 45
03 05 21 24 36 45
05 06 25 27 35 38
01 04 18 27 34 42
01 04 18 28 37 39
01 04 25 31 34 42
01 02 19 32 37 39
01 02 25 27 43 45
06 08 20 26 38 41
02 07 23 29 36 40
02 03 19 26 36 37
02 08 24 26 36 45
04 07 24 30 39 44
01 06 20 34 36 43
03 06 24 29 31 37
---------------------------------
Centroid: 07 14 19 23 38 42, Elements: 55
13 15 20 22 41 44
13 15 21 23 37 44
08 10 21 22 39 44
03 11 21 23 42 45
08 15 16 22 34 38
11 12 16 20 37 45
14 15 19 20 38 44
05 10 22 26 42 45
04 15 17 26 35 45
04 12 13 25 38 42
03 17 22 24 36 42
06 14 18 20 35 37
01 16 19 25 38 44
08 10 15 21 42 44
11 17 20 22 39 45
13 14 18 25 41 43
06 13 20 25 35 40
02 13 16 22 39 41
05 11 17 21 39 44
05 13 17 20 36 41
03 16 19 20 41 44
02 12 18 22 43 45
09 14 20 23 38 45
04 12 22 26 42 44
11 12 16 20 41 42
10 12 21 24 36 39
10 13 16 24 40 41
07 12 21 25 35 39
05 13 14 27 37 42
12 15 16 19 42 44
13 14 17 20 40 42
05 12 14 24 36 44
07 17 20 22 34 37
08 17 19 25 39 42
06 14 20 24 37 38
05 15 20 21 40 45
04 09 20 22 37 44
03 10 22 24 40 45
01 18 19 21 39 43
01 15 21 25 36 42
02 15 21 23 38 40
08 18 21 24 39 40
10 15 23 24 38 40
07 15 17 22 34 41
11 16 18 20 42 45
08 13 17 27 39 44
10 11 15 24 40 44
06 16 19 20 42 44
02 13 17 19 44 45
02 18 22 24 37 39
03 19 20 24 37 45
06 11 23 24 36 42
05 17 20 22 36 38
06 14 16 26 36 40
10 16 18 22 34 39
---------------------------------
Centroid: 07 16 32 36 39 43, Elements: 30
03 15 35 36 39 44
07 17 33 37 39 41
03 20 30 35 38 41
06 17 28 36 38 45
02 15 33 34 40 42
12 14 30 32 38 41
08 17 34 35 36 40
10 14 30 34 35 39
06 13 29 33 42 43
11 20 37 41 43 45
11 19 33 36 37 45
09 15 34 35 37 42
15 17 37 40 41 44
04 16 37 38 40 45
13 17 32 35 42 43
03 17 32 34 35 44
07 16 32 34 35 41
10 16 35 37 41 43
04 15 31 40 41 44
07 16 29 33 37 45
06 17 29 38 41 42
10 17 30 35 37 41
08 12 31 33 40 45
10 19 32 43 44 45
01 17 29 40 42 45
10 17 35 36 38 41
08 17 32 39 41 45
07 20 33 36 39 42
03 13 32 39 40 41
10 19 30 33 35 43
---------------------------------
Centroid: 22 33 35 39 42 44, Elements: 5
21 33 36 37 40 45
24 32 34 40 42 45
20 31 32 38 42 44
19 37 38 40 41 43
25 33 37 42 44 45
---------------------------------
Centroid: 30 37 38 42 43 45, Elements: 0
---------------------------------
Centroid: 02 03 04 05 13 43, Elements: 0
---------------------------------
Centroid: 02 03 04 05 13 43, Elements: 0
---------------------------------
Centroid: 01 02 09 11 12 15, Elements: 0
---------------------------------
Centroid: 07 13 20 24 29 42, Elements: 71
01 09 21 24 28 43
05 16 20 21 28 40
04 15 21 24 29 42
11 12 18 22 32 37
05 16 23 25 31 43
11 15 16 19 27 45
07 17 19 24 27 43
08 11 17 22 28 45
08 16 18 25 30 44
03 12 21 27 29 43
06 11 18 28 29 42
07 15 17 19 29 38
09 11 19 20 30 42
06 16 20 21 27 44
08 14 19 25 26 37
08 13 17 25 29 39
05 11 17 24 32 45
09 10 20 21 30 44
12 15 18 21 29 41
10 16 21 24 26 45
09 16 21 22 33 40
09 11 21 25 29 40
04 11 24 26 32 41
03 08 20 24 29 45
07 09 19 21 29 43
10 16 18 24 32 44
08 15 22 28 30 44
03 15 20 28 30 40
04 13 18 27 28 42
11 14 18 21 27 45
07 13 19 27 34 43
11 14 16 19 32 43
03 15 19 24 25 38
02 11 24 27 30 44
11 15 22 26 28 43
06 19 20 24 25 43
02 16 20 25 29 41
10 11 16 25 31 40
07 16 19 22 29 40
02 17 19 26 32 45
01 08 23 24 26 45
04 09 23 26 28 41
02 11 21 23 28 42
03 13 19 26 29 42
05 13 21 22 33 43
09 10 18 21 31 38
11 12 18 19 29 45
01 18 19 23 28 40
08 14 22 23 32 45
11 15 20 22 28 43
08 15 19 25 30 36
07 15 17 23 29 39
09 11 21 24 26 39
09 11 17 20 33 42
06 17 19 22 28 41
10 11 17 25 26 41
05 16 22 26 27 44
09 10 16 26 32 42
05 20 21 25 30 42
06 10 21 25 30 45
07 14 21 27 33 43
04 13 18 22 27 42
05 10 18 24 30 44
09 10 26 27 28 43
08 14 18 22 28 40
11 12 19 24 33 38
08 10 23 28 29 43
10 14 18 22 27 45
08 14 21 28 30 43
09 14 19 25 32 45
14 15 18 19 28 43
---------------------------------
Centroid: 01 02 09 11 12 15, Elements: 0
---------------------------------
Centroid: 02 05 07 11 25 31, Elements: 12
01 03 05 07 27 30
02 03 05 09 26 29
02 05 07 12 28 30
04 08 09 10 23 32
02 05 06 16 21 33
01 06 07 12 27 34
03 04 06 07 26 29
02 04 11 13 26 32
01 05 07 14 27 32
03 04 06 07 23 33
03 06 07 13 21 28
03 05 06 07 20 30
---------------------------------
Centroid: 01 02 09 11 12 15, Elements: 0
---------------------------------
Centroid: 02 03 04 05 13 43, Elements: 0
---------------------------------
Centroid: 29 33 39 40 41 45, Elements: 1
29 33 39 40 41 45
---------------------------------
Centroid: 06 12 23 37 41 44, Elements: 22
03 11 26 40 42 45
06 15 21 35 43 45
12 13 19 41 42 45
08 14 26 36 38 43
08 12 24 36 42 45
11 12 21 36 40 41
07 17 26 39 41 42
04 07 23 39 40 45
07 16 23 38 41 45
05 12 25 33 42 43
09 12 27 35 40 43
07 09 23 36 39 40
07 10 22 32 42 45
01 11 24 35 43 44
01 13 18 39 43 44
10 12 24 40 43 44
07 09 23 40 42 44
01 07 22 39 41 44
05 14 18 38 40 45
07 10 16 38 42 43
06 13 26 39 41 42
08 09 23 38 39 40
---------------------------------
Centroid: 31 34 35 36 41 44, Elements: 0
---------------------------------
Centroid: 02 05 07 11 26 39, Elements: 12
03 04 07 09 27 36
01 03 06 07 24 41
04 05 06 10 29 38
01 02 04 10 25 40
02 03 05 15 26 43
02 05 07 09 21 39
02 07 09 10 28 41
01 07 11 12 24 39
02 04 08 10 30 39
04 07 08 13 27 36
01 05 09 13 27 43
02 05 09 11 21 37
---------------------------------
Centroid: 01 03 04 07 30 43, Elements: 1
01 03 04 07 30 43
---------------------------------
Centroid: 04 10 19 25 29 34, Elements: 60
03 15 22 26 30 35
06 09 16 28 31 35
05 06 18 21 29 34
01 12 16 28 30 34
01 10 22 27 29 34
01 14 15 24 30 35
07 09 22 25 32 37
05 13 16 26 28 31
02 09 19 21 28 33
06 10 19 20 28 37
02 13 21 23 28 38
05 10 12 25 30 35
04 05 19 24 31 35
01 12 22 29 31 33
02 09 20 23 28 35
01 11 23 29 32 33
08 12 19 26 30 31
01 08 19 24 29 39
10 12 14 27 32 35
04 08 20 21 28 36
05 06 22 26 28 31
04 08 21 23 29 31
05 07 16 23 32 34
03 11 17 26 28 38
04 14 20 27 30 33
07 12 15 26 28 35
09 10 20 25 28 35
04 10 21 24 27 32
04 09 14 21 32 35
06 13 18 21 30 36
03 11 13 25 27 36
02 04 23 26 30 32
07 08 24 26 28 37
05 06 21 23 24 36
04 13 24 26 28 33
05 07 17 29 31 32
04 11 19 26 27 35
03 11 16 22 28 35
06 10 20 26 28 36
02 11 18 24 27 36
04 11 22 26 29 33
05 06 19 21 29 36
04 09 24 27 29 31
09 10 22 23 28 32
01 08 17 30 31 32
08 13 16 28 30 37
02 09 16 25 32 35
03 05 22 26 31 35
04 06 18 23 25 37
03 06 20 22 33 36
08 11 19 22 30 33
04 05 24 29 30 31
02 11 24 26 30 32
09 13 16 28 31 36
06 10 22 24 28 32
02 13 18 28 30 33
03 07 24 28 29 35
01 10 21 23 33 38
09 10 14 27 28 36
06 08 15 24 31 34
---------------------------------
Centroid: 14 19 24 28 35 42, Elements: 72
13 16 17 26 35 44
09 18 22 28 35 44
15 19 24 28 30 42
14 18 19 30 35 41
12 19 26 29 34 36
10 20 24 30 35 43
12 20 23 32 37 40
09 18 25 31 35 45
09 16 24 25 33 45
11 15 24 25 33 41
13 20 26 27 28 43
13 21 22 28 29 45
15 20 24 28 38 41
15 21 23 28 36 43
09 17 21 28 34 44
15 21 22 30 37 41
15 21 26 29 35 37
14 23 26 30 36 41
15 20 21 29 32 44
09 18 24 28 39 41
14 17 21 25 36 38
13 16 24 26 35 36
12 21 22 26 33 44
13 19 21 24 40 43
13 18 23 31 36 42
16 19 22 26 35 41
14 16 25 31 36 38
16 21 22 27 38 43
16 20 24 25 39 44
17 22 24 28 34 37
17 21 26 27 40 45
14 17 25 29 32 38
11 19 26 30 34 40
14 18 20 21 37 43
10 21 24 26 30 44
16 23 24 28 32 44
10 20 23 25 41 44
12 17 25 26 35 42
16 19 21 30 35 43
16 18 23 27 39 43
18 21 26 28 32 39
15 22 25 30 37 38
14 18 22 31 37 44
13 21 25 26 39 44
15 19 22 31 33 42
10 20 27 29 33 44
14 15 27 30 32 39
12 22 25 26 33 42
09 20 22 27 33 45
17 19 23 28 39 43
16 20 23 30 33 45
20 22 24 26 30 43
15 16 29 31 34 41
14 20 24 32 36 43
17 20 23 26 32 42
14 18 22 27 40 43
17 23 24 26 41 43
09 21 25 26 38 41
09 19 25 28 34 45
15 21 22 25 32 42
14 15 22 30 37 45
12 20 24 31 33 39
15 16 19 32 34 42
19 21 23 24 31 44
13 23 25 27 38 40
17 20 24 26 33 41
11 19 22 25 35 42
13 16 22 24 37 40
18 22 27 28 33 43
14 21 26 30 32 39
11 16 26 30 35 44
15 22 23 25 27 45
---------------------------------
Centroid: 30 37 38 42 43 45, Elements: 0
---------------------------------
Centroid: 30 37 38 42 43 45, Elements: 0
---------------------------------
Centroid: 04 08 14 19 37 42, Elements: 44
03 05 12 21 37 45
02 05 16 18 38 40
03 06 15 17 34 36
09 11 12 15 38 41
02 03 13 21 38 40
07 11 12 18 40 45
01 06 16 23 38 44
01 06 17 18 34 37
03 09 16 17 37 44
04 05 15 16 32 40
08 09 13 17 35 41
05 07 12 14 35 43
06 08 15 19 36 37
04 05 19 22 42 45
05 07 11 20 35 40
02 09 19 20 38 39
02 05 19 21 37 40
03 09 12 13 37 40
01 11 16 20 40 41
07 13 14 18 36 45
03 06 16 22 38 44
04 06 10 21 34 39
06 07 17 22 35 39
07 10 14 23 35 40
02 05 10 20 39 42
06 08 14 18 38 40
02 09 15 22 39 40
03 07 17 19 33 41
05 11 14 21 39 42
03 05 12 20 34 45
03 10 12 14 38 45
05 11 16 18 35 39
02 07 10 21 38 45
05 06 13 16 37 39
01 07 15 19 35 42
02 03 13 16 34 43
05 08 11 21 42 45
02 09 17 19 36 45
07 08 12 21 37 45
06 11 12 21 34 44
08 11 15 16 42 43
03 10 11 14 36 41
07 09 12 14 33 40
06 09 12 19 40 42
---------------------------------
Centroid: 03 05 08 13 41 44, Elements: 9
02 05 06 13 42 44
03 06 09 13 41 42
06 08 10 13 39 41
01 03 07 12 40 45
04 07 13 15 44 45
01 03 08 12 43 45
02 04 09 12 42 44
03 04 06 15 38 45
03 04 06 13 42 43
---------------------------------
Centroid: 30 37 38 42 43 45, Elements: 0
---------------------------------
Centroid: 02 34 37 42 44 45, Elements: 0
---------------------------------
Centroid: 02 05 10 17 23 27, Elements: 14
05 09 11 17 26 27
03 05 11 14 24 27
01 03 12 18 21 24
03 04 09 18 20 32
01 03 05 18 24 28
02 04 13 15 23 26
01 05 13 19 21 28
03 06 11 15 22 26
01 02 13 20 26 27
02 09 10 15 19 28
03 05 11 15 23 27
02 06 07 16 20 31
03 07 11 17 26 27
01 06 09 20 23 26
---------------------------------
Centroid: 30 37 38 42 43 45, Elements: 0
---------------------------------
Centroid: 02 34 37 42 44 45, Elements: 0
---------------------------------
Centroid: 30 37 38 42 43 45, Elements: 0
---------------------------------
Centroid: 03 05 06 09 14 27, Elements: 4
04 05 06 08 11 24
02 03 04 09 15 30
03 05 06 08 13 26
03 05 07 09 16 29
---------------------------------
Centroid: 01 02 09 11 12 15, Elements: 0
---------------------------------
Centroid: 05 09 27 32 36 40, Elements: 33
04 11 30 33 35 36
02 04 30 34 35 36
08 12 29 34 35 37
04 10 23 35 37 41
06 07 24 30 36 39
03 06 26 33 34 44
02 09 25 31 35 44
05 11 28 34 39 43
04 06 26 36 37 38
02 09 27 33 36 41
04 06 28 31 33 44
04 11 23 30 35 40
07 08 27 31 36 39
06 09 27 31 36 43
02 08 27 28 33 39
07 12 27 28 39 43
03 08 25 35 36 39
02 11 27 32 37 41
04 05 31 33 36 37
06 12 29 30 36 40
07 10 29 33 35 43
08 12 25 33 36 38
08 11 27 33 35 41
08 09 27 29 30 42
05 12 28 34 35 42
08 09 26 27 35 42
04 09 25 36 37 43
05 06 28 31 36 37
01 09 32 35 36 39
01 11 26 34 39 41
04 07 26 36 37 43
04 08 28 29 37 41
08 10 24 31 36 39
---------------------------------
Centroid: 01 02 09 11 12 15, Elements: 0
---------------------------------
Centroid: 15 19 25 35 40 43, Elements: 49
15 24 25 33 37 43
17 19 22 36 43 44
18 20 28 39 40 41
15 18 19 38 40 42
13 17 22 38 41 45
13 15 26 34 43 45
19 20 26 41 42 44
12 19 23 36 40 44
15 18 22 30 40 44
16 21 27 35 39 42
17 18 31 33 39 40
13 17 27 31 39 42
11 18 28 36 43 44
15 16 26 33 38 44
16 18 22 40 41 43
18 20 27 34 36 41
17 21 27 28 43 44
13 19 24 39 41 42
14 17 28 37 41 43
12 15 28 30 39 40
16 17 20 37 41 42
11 20 25 37 42 45
14 18 23 34 41 45
16 17 30 38 41 43
17 19 28 35 38 42
12 22 24 33 37 40
14 15 24 33 40 45
19 22 24 34 44 45
15 19 21 33 40 44
18 23 26 34 40 43
15 19 31 32 39 43
16 20 26 35 41 42
19 20 22 32 41 45
13 19 28 34 36 45
17 18 20 35 36 43
11 21 28 29 43 44
16 17 21 35 39 41
12 19 24 32 44 45
13 16 19 40 41 43
15 16 22 31 40 42
09 19 23 35 39 44
17 21 26 31 39 40
11 17 24 39 41 43
10 19 28 32 38 45
15 17 29 30 41 45
14 22 23 35 41 44
14 20 29 32 39 41
14 17 27 37 42 43
16 19 24 36 37 40
---------------------------------
Centroid: 03 06 09 27 36 41, Elements: 34
02 06 12 25 35 37
02 05 10 31 35 41
04 09 10 23 37 38
01 03 11 27 34 36
04 06 08 23 32 40
03 07 11 23 36 38
01 08 10 22 35 44
02 06 08 29 33 44
02 06 09 31 32 36
03 04 12 24 40 45
01 04 07 24 36 43
02 06 08 32 35 43
01 02 03 24 40 41
04 08 11 24 38 45
05 06 12 27 40 41
02 03 08 34 35 44
01 09 10 28 32 37
01 04 07 31 40 44
01 08 09 27 35 41
02 10 11 24 42 44
03 04 07 24 42 44
03 04 08 29 38 43
02 05 10 28 39 44
03 04 11 27 35 38
02 04 10 26 34 41
02 03 05 26 40 41
03 05 10 31 40 41
05 07 09 25 32 39
03 04 11 22 36 41
06 09 10 29 37 41
01 03 07 25 35 43
01 05 08 33 35 42
07 08 09 23 39 43
05 08 09 24 35 44
---------------------------------
Centroid: 01 02 09 11 12 15, Elements: 0
---------------------------------
Centroid: 02 34 37 42 44 45, Elements: 0
---------------------------------
Centroid: 29 33 39 40 41 45, Elements: 0
---------------------------------
Centroid: 30 37 38 42 43 45, Elements: 0
---------------------------------
Centroid: 05 09 12 15 20 34, Elements: 24
01 09 14 16 20 31
04 06 12 14 19 33
01 09 12 13 22 33
11 14 15 16 20 31
07 08 15 19 22 36
07 09 11 12 15 35
08 10 13 14 15 36
03 10 12 14 21 37
06 07 09 15 19 33
03 08 11 13 22 37
03 06 10 19 20 34
02 06 12 16 20 34
04 08 11 15 16 38
05 09 10 14 18 31
07 08 10 20 21 31
02 10 12 14 15 38
03 09 13 15 25 38
07 08 13 16 21 34
05 11 15 16 20 32
01 06 11 13 19 36
07 13 15 16 23 31
08 09 13 14 19 39
02 11 12 17 24 36
04 12 13 14 15 29
---------------------------------
Centroid: 01 02 09 11 12 15, Elements: 0
---------------------------------
Centroid: 02 04 08 13 19 23, Elements: 12
02 04 09 16 17 23
02 04 10 17 20 21
02 05 06 09 21 22
02 04 07 10 17 23
03 04 06 14 15 25
01 04 07 11 17 20
01 04 11 13 19 25
01 02 12 15 19 21
02 06 07 11 23 24
01 04 06 13 19 24
02 03 06 13 16 26
02 05 07 12 21 25
---------------------------------
Centroid: 04 07 31 37 41 44, Elements: 19
02 07 28 38 44 45
05 12 31 37 42 44
06 11 30 37 42 45
02 04 33 36 41 45
02 08 35 36 37 39
06 07 34 37 38 43
06 08 29 35 43 45
05 06 33 40 42 44
03 06 30 36 37 45
06 07 30 37 41 43
09 10 31 38 42 44
03 05 34 36 40 43
03 05 28 40 44 45
06 12 36 42 43 44
01 04 26 37 42 45
05 10 32 38 40 43
06 09 33 38 40 45
04 06 31 35 38 44
04 05 28 39 42 44
---------------------------------
Centroid: 01 02 09 11 12 15, Elements: 0
---------------------------------
Centroid: 02 03 04 05 13 43, Elements: 0
---------------------------------
Centroid: 01 02 09 11 12 15, Elements: 0
---------------------------------
Centroid: 01 02 03 04 28 45, Elements: 1
01 02 03 04 28 45
---------------------------------
Centroid: 01 02 33 40 43 44, Elements: 1
01 02 33 40 43 44
---------------------------------
Centroid: 29 33 39 40 41 45, Elements: 0
---------------------------------
Centroid: 02 03 04 05 13 43, Elements: 0
---------------------------------
Centroid: 02 04 07 14 32 40, Elements: 14
01 02 06 15 32 40
02 06 07 17 31 38
01 02 05 13 34 36
01 02 07 13 35 44
03 04 08 12 31 42
02 04 05 11 33 38
03 05 07 18 31 40
04 06 08 14 31 43
01 03 08 10 36 42
07 08 09 14 32 42
03 05 09 15 31 37
01 04 06 11 32 41
02 03 04 18 35 41
02 06 10 13 30 39
---------------------------------
Centroid: 01 02 09 11 12 15, Elements: 0
---------------------------------
Centroid: 02 34 37 42 44 45, Elements: 0
---------------------------------
Centroid: 31 34 35 36 41 44, Elements: 0
---------------------------------
Centroid: 01 02 08 09 12 19, Elements: 1
01 02 08 09 12 19
---------------------------------
Centroid: 02 03 04 05 13 43, Elements: 0
---------------------------------
Centroid: 29 33 39 40 41 45, Elements: 0
---------------------------------
Centroid: 29 33 39 40 41 45, Elements: 0
---------------------------------
Centroid: 01 02 08 09 12 19, Elements: 0
---------------------------------
Centroid: 02 03 04 05 13 43, Elements: 0
---------------------------------
Centroid: 01 02 09 11 12 15, Elements: 0
---------------------------------
Centroid: 01 02 09 11 12 15, Elements: 0
---------------------------------
Centroid: 30 37 38 42 43 45, Elements: 0
---------------------------------
Centroid: 02 34 37 42 44 45, Elements: 0
---------------------------------
Centroid: 30 37 38 42 43 45, Elements: 0
---------------------------------
Centroid: 29 33 39 40 41 45, Elements: 0
---------------------------------
Centroid: 01 02 03 04 28 45, Elements: 0
---------------------------------
Centroid: 02 03 04 05 13 43, Elements: 0
---------------------------------
Centroid: 02 34 37 42 44 45, Elements: 0
---------------------------------
Centroid: 02 34 37 42 44 45, Elements: 0
---------------------------------
Centroid: 29 33 39 40 41 45, Elements: 0
---------------------------------
Centroid: 02 34 37 42 44 45, Elements: 0
---------------------------------
Centroid: 09 14 20 31 39 42, Elements: 48
05 13 17 31 41 42
11 12 25 30 37 42
12 17 19 29 39 40
13 15 17 27 44 45
09 15 20 29 37 42
09 15 17 29 40 45
10 15 19 34 36 43
06 10 21 28 43 44
12 15 19 37 40 43
07 15 19 34 36 44
11 13 17 29 39 43
10 11 18 31 43 45
05 13 20 30 42 44
08 13 19 33 44 45
12 15 24 30 39 42
10 11 21 30 44 45
08 13 21 34 41 42
08 14 22 32 34 45
10 11 15 27 40 42
10 14 15 30 35 37
10 13 15 34 36 39
10 17 20 31 39 41
12 15 21 27 38 45
08 13 17 32 38 39
13 14 16 37 40 45
10 18 21 32 36 44
07 16 20 31 35 41
12 15 21 27 40 42
09 18 21 28 41 43
11 14 21 34 35 43
08 11 23 30 40 45
06 13 21 28 38 41
10 16 21 31 42 43
08 14 22 34 37 44
07 15 21 31 38 39
09 11 21 34 39 42
11 13 16 33 39 40
13 15 23 31 40 41
07 12 17 33 39 40
11 13 16 34 37 40
07 16 21 32 38 42
11 13 17 33 37 42
08 12 19 29 42 45
10 11 19 27 43 44
09 18 21 29 37 41
06 12 21 32 36 43
12 15 22 29 44 45
08 09 20 34 37 38
---------------------------------
Centroid: 01 02 03 04 28 45, Elements: 0
---------------------------------
Centroid: 01 02 33 40 43 44, Elements: 0
---------------------------------
Centroid: 02 34 37 42 44 45, Elements: 0
---------------------------------
Centroid: 01 02 03 04 28 45, Elements: 0
---------------------------------
Centroid: 29 33 39 40 41 45, Elements: 0
---------------------------------
Centroid: 04 09 14 33 39 43, Elements: 48
03 05 16 33 35 44
08 11 13 29 42 45
03 06 16 34 43 44
02 13 14 30 39 42
03 12 16 30 39 40
08 11 14 28 41 43
07 12 14 29 42 44
05 14 15 37 39 40
04 08 13 27 41 43
02 05 17 37 40 43
02 05 18 33 40 45
04 09 11 37 39 41
03 10 17 31 38 39
05 07 14 31 35 45
08 09 12 30 37 39
04 09 10 34 42 43
03 06 07 38 42 45
01 11 14 31 36 40
01 08 13 33 36 44
07 09 10 33 38 40
07 09 10 32 37 41
03 09 12 34 35 45
02 07 17 32 41 44
02 13 16 30 35 45
03 12 14 37 40 44
02 06 07 35 42 45
03 09 12 36 38 44
02 10 17 31 38 44
06 07 13 33 37 39
02 13 14 31 36 41
04 05 17 30 40 41
06 07 17 33 39 44
06 11 13 29 40 44
04 09 12 31 37 42
02 04 17 34 40 44
06 12 14 29 40 41
04 10 17 36 42 43
06 08 12 38 42 43
03 14 16 34 36 45
04 05 12 33 40 43
02 03 13 33 35 43
03 08 18 33 34 45
02 03 13 32 38 40
05 10 15 29 36 45
02 11 14 34 37 39
04 09 18 33 43 44
08 11 15 34 43 44
02 11 17 29 40 44
---------------------------------
Centroid: 01 02 03 04 28 45, Elements: 0
---------------------------------
Centroid: 30 37 38 42 43 45, Elements: 0
---------------------------------
Centroid: 30 37 38 42 43 45, Elements: 0
---------------------------------
Centroid: 30 37 38 42 43 45, Elements: 0
---------------------------------
Centroid: 31 34 35 36 41 44, Elements: 0
---------------------------------
Centroid: 02 34 37 42 44 45, Elements: 0
---------------------------------
Centroid: 31 34 35 36 41 44, Elements: 0
---------------------------------
Centroid: 01 02 08 09 12 19, Elements: 0
---------------------------------
Centroid: 02 34 37 42 44 45, Elements: 0
---------------------------------
Centroid: 31 34 35 36 41 44, Elements: 0
---------------------------------
Centroid: 01 02 33 40 43 44, Elements: 0
---------------------------------
Centroid: 29 33 39 40 41 45, Elements: 0
---------------------------------
Centroid: 01 02 08 09 12 19, Elements: 0
---------------------------------
Centroid: 30 37 38 42 43 45, Elements: 0
---------------------------------
Centroid: 02 03 04 05 13 43, Elements: 0
---------------------------------
Centroid: 02 03 04 05 13 43, Elements: 0
---------------------------------
Centroid: 01 02 33 40 43 44, Elements: 0
---------------------------------
Centroid: 02 03 04 05 13 43, Elements: 0
---------------------------------
Centroid: 02 03 04 05 13 43, Elements: 0
---------------------------------
Centroid: 01 02 09 11 12 15, Elements: 0
---------------------------------
Centroid: 01 02 03 04 28 45, Elements: 0
---------------------------------
Centroid: 01 02 08 09 12 19, Elements: 0
---------------------------------
Centroid: 01 02 08 09 12 19, Elements: 0
---------------------------------
Centroid: 01 02 33 40 43 44, Elements: 0
---------------------------------
Centroid: 02 34 37 42 44 45, Elements: 0
---------------------------------
Centroid: 02 03 04 05 13 43, Elements: 0
---------------------------------
Centroid: 30 37 38 42 43 45, Elements: 0
---------------------------------
Centroid: 29 33 39 40 41 45, Elements: 0
---------------------------------
Centroid: 01 02 08 09 12 19, Elements: 0
---------------------------------
Centroid: 14 18 21 25 29 37, Elements: 49
16 17 19 29 31 33
15 17 18 21 25 40
11 18 24 25 29 40
16 17 18 20 25 44
14 18 21 22 28 34
10 21 22 24 25 44
12 17 22 26 27 36
17 18 19 26 34 38
13 21 22 30 31 36
17 21 23 25 28 36
14 17 22 23 30 31
19 20 21 22 23 33
15 19 21 24 27 33
13 15 22 28 30 38
14 19 21 22 32 36
11 17 23 24 25 38
12 23 24 25 27 42
17 19 20 21 34 35
15 18 25 27 28 39
10 20 21 23 28 35
19 20 25 26 31 32
15 19 21 23 25 31
13 16 21 25 29 43
14 19 20 24 28 39
15 17 20 22 28 33
15 17 20 22 25 36
09 18 19 21 29 35
17 20 23 24 28 37
16 17 21 28 32 33
16 17 18 29 33 36
15 20 21 23 35 38
17 18 22 23 28 45
12 19 21 28 31 33
14 17 20 21 32 43
10 19 24 27 28 36
15 19 24 26 29 30
09 20 21 25 33 38
15 16 18 20 35 36
14 16 17 26 28 41
14 16 18 22 24 39
11 13 21 24 31 35
10 21 23 28 29 32
15 16 22 24 25 40
07 19 21 24 27 36
10 16 23 26 27 39
14 18 22 28 32 35
09 18 21 26 27 37
12 19 23 24 31 40
13 18 23 25 27 44
---------------------------------
Centroid: 01 02 09 11 12 15, Elements: 0
---------------------------------
Centroid: 30 37 38 42 43 45, Elements: 0
---------------------------------
Centroid: 01 02 09 11 12 15, Elements: 0
---------------------------------
Centroid: 01 02 08 09 12 19, Elements: 0
---------------------------------
Centroid: 01 02 09 11 12 15, Elements: 0
---------------------------------
Centroid: 30 37 38 42 43 45, Elements: 0
---------------------------------
Centroid: 02 03 04 05 13 43, Elements: 0
---------------------------------
